#tau1=1/2 tau2=1 c1=2 c2=1
0.11147597812147078,0.030664306561961126,0.026724226105024285,0.02323424229059186,0.019460072898170235,0.016401134132822855,0.014348729813081385,0.01265144403144998,0.011379976559650288
0.030664306561961126,0.035324402179023634,0.016435066862512657,0.014004212602223166,0.01205362814130374,0.010355376404323201,0.009174914889228017,0.008111754553521379,0.0073477965980698985
0.026724226105024285,0.016435066862512657,0.028533808398608113,0.012799462351385845,0.010879484917804709,0.009493507397763916,0.008310137563057117,0.007438096402176552,0.0066566236962210985
0.02323424229059186,0.014004212602223166,0.012799462351385845,0.022894396255992402,0.0098070186482568,0.00835592416740072,0.007299748990846891,0.006513051244749358,0.005845844909827588
0.019460072898170235,0.01205362814130374,0.010879484917804709,0.0098070186482568,0.01660337145921495,0.007118023681091214,0.006150826974005149,0.005474960186214853,0.004920928240568554
0.016401134132822855,0.010355376404323201,0.009493507397763916,0.00835592416740072,0.007118023681091214,0.012108431636667905,0.005249855853970048,0.004683211579389503,0.004187224840872126
0.014348729813081385,0.009174914889228017,0.008310137563057117,0.007299748990846891,0.006150826974005149,0.005249855853970048,0.00922888783754305,0.0040407211309853325,0.003653663491458069
0.01265144403144998,0.008111754553521379,0.007438096402176552,0.006513051244749358,0.005474960186214853,0.004683211579389503,0.0040407211309853325,0.007211822826495087,0.003227865478963001
0.011379976559650288,0.0073477965980698985,0.0066566236962210985,0.005845844909827588,0.004920928240568554,0.004187224840872126,0.003653663491458069,0.003227865478963001,0.005802082074380955
