#tau1=1/2 tau2=1 c1=10 c2=1
0.014025455468490017,0.0091785230546872,0.01144414022799603,0.011623496152844276,0.009576187793461699,0.008395089552481215,0.007317737605554778,0.0063792531866631585,0.005966314486277901
0.0091785230546872,0.026183416842296216,0.014648978834911397,0.013009812196779283,0.012180161043520002,0.010939239663575557,0.009607842758293333,0.008607979453009857,0.007978851537461577
0.01144414022799603,0.014648978834911397,0.04231854785285921,0.01913426612755717,0.016978911624460594,0.014264309182369667,0.013212642078672787,0.011840245875783074,0.010630986953110828
0.011623496152844276,0.013009812196779283,0.01913426612755717,0.04092988157429229,0.01727746485770191,0.014902912729132554,0.012767989940856827,0.011594142539878501,0.01024920936874021
0.009576187793461699,0.012180161043520002,0.016978911624460594,0.01727746485770191,0.029992844983628777,0.012543811855636435,0.01122829594907775,0.009731112004173913,0.008698109942202444
0.008395089552481215,0.010939239663575557,0.014264309182369667,0.014902912729132554,0.012543811855636435,0.02196883032361745,0.009267578541155815,0.008293746353973667,0.007363689484067749
0.007317737605554778,0.009607842758293333,0.013212642078672787,0.012767989940856827,0.01122829594907775,0.009267578541155815,0.016245536578512694,0.0071111071271111985,0.006390376597940166
0.0063792531866631585,0.008607979453009857,0.011840245875783074,0.011594142539878501,0.009731112004173913,0.008293746353973667,0.0071111071271111985,0.012522808149517381,0.005642359191647911
0.005966314486277901,0.007978851537461577,0.010630986953110828,0.01024920936874021,0.008698109942202444,0.007363689484067749,0.006390376597940166,0.005642359191647911,0.010078390717571585
