# \tau1 = 0.00001 tau2=0.1 c1=5 c2=1
0.3131472115196845,0.07568899904685195,0.03332557041078532,0.017528799083943305,0.013182853258833959,0.0113823959264709,0.009868345404366586,0.00882492147877955,0.007946979059831202
0.07568899904685195,0.09693584354186263,0.019964029974351375,0.009866780730355223,0.007145715275139105,0.0059283053238303315,0.0052064719906328724,0.00458615503610167,0.0041173884939268235
0.03332557041078532,0.019964029974351375,0.025784910607747444,0.005453458674708053,0.0036483474770498056,0.003056656524196589,0.0025968136524009092,0.002288716535745292,0.002061427443972136
0.017528799083943305,0.009866780730355223,0.005453458674708053,0.006860625729323942,0.0022035740948745126,0.0017804162784052372,0.001605761683318754,0.0014166276290132566,0.0012819703393584664
0.013182853258833959,0.007145715275139105,0.0036483474770498056,0.0022035740948745126,0.003325364586718268,0.0014236101474704463,0.0012739821149576214,0.0011410851478586915,0.001042248430306966
0.0113823959264709,0.0059283053238303315,0.003056656524196589,0.0017804162784052372,0.0014236101474704463,0.0025031312811773327,0.0011066162087486626,0.0010012457943359065,0.0009136971523755333
0.009868345404366586,0.0052064719906328724,0.0025968136524009092,0.001605761683318754,0.0012739821149576214,0.0011066162087486626,0.001985575838617559,0.0009024872858595205,0.0008226549552938384
0.00882492147877955,0.00458615503610167,0.002288716535745292,0.0014166276290132566,0.0011410851478586915,0.0010012457943359065,0.0009024872858595205,0.0016231292425666665,0.000740685680036812
0.007946979059831202,0.0041173884939268235,0.002061427443972136,0.0012819703393584664,0.001042248430306966,0.0009136971523755333,0.0008226549552938384,0.000740685680036812,0.0013514055998031663
