#\tau1=1 \tau2=2 c1=1/10 c2=1
0.19729861676013563,0.048103737514768874,0.030424972521314805,0.02399201588040377,0.019793199139927668,0.016773263636350316,0.014637347598021086,0.012952570670044607,0.011683225950835933
0.048103737514768874,0.07204370913560945,0.017891471613541196,0.013360658516982293,0.010988314598557303,0.009098733826938125,0.008074385951030345,0.007098319952475789,0.006319363632391216
0.030424972521314805,0.017891471613541196,0.022874707241097123,0.008068884005833724,0.006663887606603271,0.005829470754260048,0.0050037282209526406,0.0044904416603363745,0.004027080642507204
0.02399201588040377,0.013360658516982293,0.008068884005833724,0.012723016899125847,0.005265417421454539,0.004546972752198169,0.003982149046547309,0.0035707206543881026,0.0032238616179957073
0.019793199139927668,0.010988314598557303,0.006663887606603271,0.005265417421454539,0.008902014064512957,0.0038139386195806713,0.003382852225542886,0.0029908078449644208,0.0027072345645666614
0.016773263636350316,0.009098733826938125,0.005829470754260048,0.004546972752198169,0.0038139386195806713,0.006633369970475103,0.0029001134874961296,0.002584732945296296,0.0023479782194410917
0.014637347598021086,0.008074385951030345,0.0050037282209526406,0.003982149046547309,0.003382852225542886,0.0029001134874961296,0.005111341422744015,0.0022879364453595266,0.0020478371376223205
0.012952570670044607,0.007098319952475789,0.0044904416603363745,0.0035707206543881026,0.0029908078449644208,0.002584732945296296,0.0022879364453595266,0.004056575264323875,0.0018338490306409575
0.011683225950835933,0.006319363632391216,0.004027080642507204,0.0032238616179957073,0.0027072345645666614,0.0023479782194410917,0.0020478371376223205,0.0018338490306409575,0.003308816015443432
