#\tau1=1 \tau2=2 c1=1/5 c2=1
0.1901008707397035,0.04810246072120067,0.031012200675708784,0.024334387909975327,0.019981342551607082,0.016985740141398874,0.01488303409302829,0.013189380981503377,0.011761221554038857
0.04810246072120067,0.06654200097590143,0.017666122965676226,0.01355403177324185,0.01097509318761871,0.009352188191841929,0.008097908709194475,0.007077835619358124,0.006436511358429137
0.031012200675708784,0.017666122965676226,0.022772224984104222,0.008472079966667422,0.007050324258241689,0.005986912234169488,0.005229363519666352,0.004714257350646256,0.004214054777547768
0.024334387909975327,0.01355403177324185,0.008472079966667422,0.013155985419046539,0.005549500792410315,0.0047858063668223235,0.004207153397917294,0.0037417526208773353,0.003357714280555274
0.019981342551607082,0.01097509318761871,0.007050324258241689,0.005549500792410315,0.009359340453213738,0.003967773899384911,0.0035408364945412737,0.003127841900212188,0.0028298433118341213
0.016985740141398874,0.009352188191841929,0.005986912234169488,0.0047858063668223235,0.003967773899384911,0.006933397911878056,0.003026561092930447,0.002707738124452028,0.0024408474237782945
0.01488303409302829,0.008097908709194475,0.005229363519666352,0.004207153397917294,0.0035408364945412737,0.003026561092930447,0.0053399978024015506,0.0023648127754850815,0.002145251341415976
0.013189380981503377,0.007077835619358124,0.004714257350646256,0.0037417526208773353,0.003127841900212188,0.002707738124452028,0.0023648127754850815,0.004239881663099326,0.0019050574333563553
0.011761221554038857,0.006436511358429137,0.004214054777547768,0.003357714280555274,0.0028298433118341213,0.0024408474237782945,0.002145251341415976,0.0019050574333563553,0.003443482960225201
