#tau1=1 tau2=2 c1=5 c2=1
0.056620515357298895,0.027812533287994295,0.023098557584038865,0.01882112564175106,0.0159994202753277,0.013752757384719637,0.012067311447083222,0.010831709006961135,0.009730927002502783
0.027812533287994295,0.057640676092492876,0.023523822156614208,0.019237019846391368,0.01582393969802446,0.013636465512564495,0.011890335595305553,0.010503621989460258,0.009495582788578049
0.023098557584038865,0.023523822156614208,0.03979901638973757,0.015327823728597898,0.01279554070434986,0.010767943114912835,0.009416766164423773,0.008360238983679623,0.007456288523216488
0.01882112564175106,0.019237019846391368,0.015327823728597898,0.02451713019758483,0.009828147474815443,0.008483281902025368,0.007322597839656006,0.006458731349782722,0.005829223370126189
0.0159994202753277,0.01582393969802446,0.01279554070434986,0.009828147474815443,0.016364115454142448,0.006898442898733864,0.005994322788143521,0.005339619762957272,0.004760664395100336
0.013752757384719637,0.013636465512564495,0.010767943114912835,0.008483281902025368,0.006898442898733864,0.011711369009350337,0.005112696123002229,0.004505305611377366,0.004050150970876989
0.012067311447083222,0.011890335595305553,0.009416766164423773,0.007322597839656006,0.005994322788143521,0.005112696123002229,0.008884693634751424,0.00390313002119474,0.003528060822515993
0.010831709006961135,0.010503621989460258,0.008360238983679623,0.006458731349782722,0.005339619762957272,0.004505305611377366,0.00390313002119474,0.006961515984599399,0.0031176415222663478
0.009730927002502783,0.009495582788578049,0.007456288523216488,0.005829223370126189,0.004760664395100336,0.004050150970876989,0.003528060822515993,0.0031176415222663478,0.005603274985612911
