#tau1=1 tau2=2 c1=10 c2=1
0.045705641780685397,0.02393709435164383,0.020082894060810236,0.017012956117509123,0.014440117532132618,0.012446057392596351,0.011096853687335977,0.009907623959492613,0.008938529926161582
0.02393709435164383,0.05992266471071782,0.024504812821166067,0.020072269546847783,0.016665476487346405,0.014390762351583092,0.01245595595029933,0.01108463667037932,0.009990193813686423
0.020082894060810236,0.024504812821166067,0.042720139607240054,0.016507527649824282,0.013553653496202578,0.011614791890052248,0.010071957162361311,0.008824470212154802,0.00797955082524021
0.017012956117509123,0.020072269546847783,0.016507527649824282,0.025991754800422415,0.010644790721674523,0.008955272308119272,0.007778179767424292,0.006961334637968843,0.006172935672174245
0.014440117532132618,0.016665476487346405,0.013553653496202578,0.010644790721674523,0.01738482534262707,0.007274318262444022,0.006362470010624566,0.005635929017784176,0.005079445076193122
0.012446057392596351,0.014390762351583092,0.011614791890052248,0.008955272308119272,0.007274318262444022,0.01247918287895067,0.005437799016386027,0.004771848856971048,0.004279848483747165
0.011096853687335977,0.01245595595029933,0.010071957162361311,0.007778179767424292,0.006362470010624566,0.005437799016386027,0.009358846870276164,0.004166774165653975,0.003726500618199429
0.009907623959492613,0.01108463667037932,0.008824470212154802,0.006961334637968843,0.005635929017784176,0.004771848856971048,0.004166774165653975,0.007350686779584194,0.003305102190920052
0.008938529926161582,0.009990193813686423,0.00797955082524021,0.006172935672174245,0.005079445076193122,0.004279848483747165,0.003726500618199429,0.003305102190920052,0.0059241887029780746
