#\tau = 1 c=10
0.045788658107535796,0.02326477938284774,0.02061947603697803,0.01679812849074763,0.014390801965813708,0.012636470839887271,0.010936747831058628,0.009878645056704553,0.008935055623127615
0.02326477938284774,0.06032189241781728,0.02443080933962976,0.0199487059077737,0.016708911272346683,0.014156854664759178,0.012526917203740457,0.011064163718120848,0.009964736444170208
0.02061947603697803,0.02443080933962976,0.04208187089353335,0.016549175300245213,0.01343547273329852,0.011657655067186978,0.00995867088148554,0.008836142063287067,0.007962066376635001
0.01679812849074763,0.0199487059077737,0.016549175300245213,0.02593459725486047,0.010710708418041785,0.008915981213847166,0.007830809683944309,0.006906408662421075,0.006160729718944301
0.014390801965813708,0.016708911272346683,0.01343547273329852,0.010710708418041785,0.0173443524845035,0.0073046485139987025,0.006280119166384721,0.005649182795194151,0.005028095950630312
0.012636470839887271,0.014156854664759178,0.011657655067186978,0.008915981213847166,0.0073046485139987025,0.012469965149369778,0.005399953216140571,0.004741694254849697,0.004303059177069758
0.010936747831058628,0.012526917203740457,0.00995867088148554,0.007830809683944309,0.006280119166384721,0.005399953216140571,0.009355162087483191,0.004183327266949891,0.003709738972535308
0.009878645056704553,0.011064163718120848,0.008836142063287067,0.006906408662421075,0.005649182795194151,0.004741694254849697,0.004183327266949891,0.0073233730796810415,0.0032983510890160473
0.008935055623127615,0.009964736444170208,0.007962066376635001,0.006160729718944301,0.005028095950630312,0.004303059177069758,0.003709738972535308,0.0032983510890160473,0.005918780837145478
